1	1	402	#ff7b5a	1
1	403	1423	#ff83ff	1
10	1	446	#ffb6c1	1
10	447	1342	#00ffcb	1
11	1	557	#afafaf	1
11	558	1266	#ff83ff	2
11	1267	1313	#339966	1
11	1314	2165	#afafaf	1
12	1	1638	#ff9900	2
13	1	1563	#ff9900	1
14	1	316	#a55ca5	2
14	317	1627	#c5fe00	2
15	1	881	#ff83ff	1
15	882	1084	#ff7b5a	1
15	1085	1902	#ffedb9	2
16	1	725	#afafaf	2
16	726	1369	#ffedb9	1
16	1370	1631	#ff7b5a	2
17	1	1813	#00ffcb	2
18	1	800	#00ffcb	1
18	801	1293	#ffb6c1	1
19	1	838	#ff7b5a	2
19	839	1048	#ffedb9	1
19	1049	2210	#afafaf	2
2	1	1245	#cb003b	2
3	1	938	#ff83ff	2
3	939	1442	#ffb6c1	2
4	1	463	#a55ca5	2
4	464	1454	#c5fe00	2
5	1	1204	#cb003b	1
6	1	591	#ffb6c1	2
6	592	697	#ff83ff	2
6	698	1529	#339966	1
7	1	1085	#339966	2
8	1	377	#a55ca5	1
8	378	1301	#c5fe00	1
9	1	99	#a55ca5	1
9	100	769	#c5fe00	1
9	770	801	#a55ca5	1
9	802	1287	#c5fe00	1
